0.625
0.5625
0.75
0.703125
0.453125
0.484375
0.53125
0.703125
0.578125
0.65625
0.625
0.453125
0.515625
0.59375
0.546875
0.5625
0.609375
0.53125
0.46875
0.65625
0.5625
0.671875
0.578125
0.640625
0.578125
0.625
0.640625
0.546875
0.5
0.796875
0.5
0.5
0.546875
0.703125
0.515625
0.71875
0.671875
0.65625
0.4375
0.5625
0.640625
0.609375
0.78125
0.703125
0.671875
0.609375
0.5
0.65625
0.78125
0.5
0.671875
0.671875
0.765625
0.6875
0.5
0.53125
0.40625
0.59375
0.546875
0.515625
0.609375
0.515625
0.53125
0.609375
0.484375
0.59375
0.484375
0.453125
0.578125
0.578125
0.5625
0.546875
0.5625
0.515625
0.578125
0.46875
0.515625
0.5625
0.703125
0.65625
0.546875
0.546875
0.546875
0.625
0.65625
0.5
0.515625
0.65625
0.515625
0.46875
0.578125
0.453125
0.5625
0.625
0.65625
0.4375
0.734375
0.578125
0.453125
0.484375
0.46875
0.546875
0.515625
0.359375
0.359375
0.5625
0.71875
0.625
0.546875
0.578125
0.5625
0.484375
0.546875
0.4375
0.71875
0.53125
0.703125
0.375
0.5
0.53125
0.6875
0.578125
0.53125
0.5
0.53125
0.453125
0.515625
0.453125
0.609375
0.625
0.515625
0.65625
0.421875
0.5
0.65625
0.671875
0.65625
0.65625
0.484375
0.4375
0.5625
0.625
0.59375
0.5
0.6875
0.625
0.5625
0.4375
0.5625
0.5625
0.71875
0.5625
0.5625
0.578125
0.703125
0.515625
0.5625
0.703125
0.625
0.5625
0.4375
0.5625
0.671875
0.5625
0.609375
0.609375
0.5
0.59375
0.515625
0.515625
0.59375
0.59375
0.671875
0.59375
0.6875
0.53125
0.484375
0.609375
0.6875
0.65625
0.65625
0.609375
0.609375
0.59375
0.671875
0.671875
0.640625
0.53125
0.453125
0.5
0.515625
0.609375
0.5625
0.53125
0.46875
0.515625
0.53125
0.546875
0.578125
0.46875
0.5625
0.671875
0.640625
0.609375
0.609375
0.5625
0.609375
0.59375
0.546875
0.5
0.515625
0.53125
0.453125
0.578125
0.5625
0.609375
0.640625
0.5625
0.5625
0.40625
0.546875
0.46875
0.578125
0.578125
0.59375
0.53125
0.765625
0.5625
1.0
0.609375
0.640625
0.71875
0.546875
0.640625
0.625
0.609375
0.671875
0.46875
0.5
0.484375
0.671875
0.515625
0.484375
0.5
0.4375
0.5
0.578125
0.578125
0.53125
0.5625
0.46875
0.5
0.4375
0.609375
0.5625
0.515625
0.578125
0.5625
0.546875
0.453125
0.609375
0.703125
0.65625
0.65625
0.640625
0.578125
0.5
0.703125
0.5625
0.671875
0.671875
0.671875
0.546875
0.59375
0.515625
0.640625
0.453125
0.546875
0.671875
0.5625
0.59375
0.578125
0.53125
0.65625
0.59375
0.59375
0.515625
0.484375
0.53125
0.53125
0.5
0.640625
0.59375
0.71875
0.703125
0.578125
0.578125
0.53125
0.625
0.65625
0.59375
0.484375
0.796875
0.71875
0.734375
0.703125
0.5625
0.546875
0.515625
0.53125
0.40625
0.546875
0.5625
0.609375
0.484375
0.578125
0.625
0.453125
0.34375
0.765625
0.515625
0.640625
0.65625
0.703125
0.625
0.84375
0.59375
0.671875
0.578125
0.640625
0.53125
0.5625
0.625
0.59375
0.4375
0.46875
0.578125
0.5625
0.609375
0.59375
0.703125
0.703125
0.578125
0.609375
0.46875
0.71875
0.625
0.546875
0.453125
0.484375
0.609375
0.5
0.609375
0.625
0.515625
0.609375
0.625
0.546875
0.609375
0.484375
0.609375
0.53125
0.46875
0.515625
0.484375
0.359375
0.5
0.578125
0.609375
0.5625
0.578125
0.5
0.640625
0.609375
0.546875
0.5625
0.421875
0.4375
0.40625
0.46875
0.71875
0.640625
0.515625
0.59375
0.453125
1.0
1.0
0.578125
0.578125
0.546875
0.453125
0.5
0.453125
0.40625
0.5625
0.625
0.53125
0.5
0.59375
0.515625
0.453125
0.640625
0.546875
0.53125
0.5625
0.53125
0.5
0.609375
0.515625
0.6875
0.59375
0.5
0.40625
0.515625
0.5
0.546875
0.640625
0.59375
0.5625
0.515625
0.484375
0.453125
0.453125
0.484375
0.546875
0.515625
0.578125
0.5625
0.59375
0.53125
0.546875
0.546875
0.625
0.5
0.484375
0.578125
0.625
0.609375
0.640625
0.453125
0.625
0.515625
0.484375
0.546875
0.5625
0.640625
0.515625
0.578125
0.5625
0.625
1.0
0.46875
0.75
0.75
0.828125
0.59375
0.484375
0.578125
0.421875
0.5
0.515625
0.625
0.609375
0.609375
0.46875
0.484375
0.53125
0.515625
0.546875
0.546875
0.5
0.46875
0.515625
0.546875
0.5
0.5625
0.578125
0.625
0.5
0.359375
0.53125
0.578125
0.65625
0.484375
0.625
0.625
0.5
0.453125
0.625
0.59375
0.53125
0.578125
0.671875
0.625
0.78125
0.5625
0.6875
0.671875
0.609375
0.6875
0.4375
0.484375
0.53125
0.5625
0.578125
0.609375
0.515625
0.65625
0.453125
0.46875
0.578125
0.484375
0.46875
0.625
0.4375
0.359375
0.53125
0.65625
0.640625
0.65625
0.59375
0.53125
0.484375
0.453125
0.421875
0.5625
0.578125
0.59375
0.5
0.4375
0.390625
0.453125
0.5
0.484375
0.5
0.609375
0.578125
0.5
0.640625
0.46875
0.8125
0.75
0.484375
0.546875
0.546875
0.625
0.578125
0.578125
0.671875
0.4375
0.578125
0.609375
0.46875
0.546875
0.53125
0.515625
0.6875
0.53125
0.59375
0.640625
0.5625
0.578125
0.53125
0.5625
0.46875
0.5625
0.609375
0.5
0.453125
0.5
0.390625
0.5
0.625
0.5625
0.5625
0.59375
0.5625
0.609375
0.515625
0.546875
0.78125
0.6875
0.53125
0.53125
0.625
0.5625
0.484375
0.59375
0.625
0.578125
0.453125
0.5
0.390625
0.5
0.5625
0.640625
0.546875
0.53125
0.546875
0.484375
0.484375
0.5
0.71875
0.515625
0.53125
0.671875
0.65625
0.5
0.4375
0.53125
0.65625
0.515625
0.578125
0.578125
0.515625
0.59375
0.515625
0.4375
0.578125
0.609375
0.546875
0.59375
0.46875
0.515625
0.59375
0.546875
0.609375
0.546875
0.609375
0.484375
0.625
0.59375
0.5625
0.5
0.515625
0.5625
0.546875
0.5625
0.625
0.546875
0.59375
0.671875
0.578125
0.59375
0.546875
0.515625
0.546875
0.546875
0.625
0.578125
0.515625
0.59375
0.5625
0.625
0.53125
0.515625
0.53125
0.578125
0.5625
0.703125
0.46875
0.59375
0.703125
0.515625
0.546875
0.53125
0.4375
0.578125
0.546875
0.5625
0.53125
0.625
0.578125
0.453125
0.53125
0.609375
0.640625
0.484375
0.484375
0.515625
0.640625
0.546875
0.671875
0.5625
0.578125
0.484375
0.65625
0.59375
0.515625
0.578125
0.515625
0.703125
0.640625
0.40625
0.5
0.390625
0.46875
0.703125
0.453125
0.625
0.5625
0.484375
0.75
0.9375
1.0
0.984375
0.546875
0.546875
1.0
0.578125
0.5625
0.4375
0.40625
1.0
0.53125
0.453125
1.0
0.546875
0.5625
0.546875
0.546875
0.5
0.546875
0.4375
0.546875
0.578125
0.625
0.46875
0.546875
0.625
0.453125
0.484375
0.59375
0.515625
0.34375
0.515625
0.453125
0.40625
0.5625
0.5
0.5
0.640625
0.65625
0.609375
0.46875
0.484375
0.734375
0.59375
0.546875
0.5
