0.921875
0.90625
0.9375
0.84375
0.9375
0.90625
0.96875
0.765625
0.9375
0.796875
0.984375
0.796875
0.796875
0.703125
0.75
0.921875
0.71875
0.765625
0.6875
0.96875
0.8125
0.859375
0.953125
0.890625
0.875
0.8125
0.8125
0.84375
0.953125
0.859375
0.96875
0.921875
0.984375
0.796875
0.828125
0.78125
0.734375
0.796875
0.84375
0.84375
0.75
0.9375
0.734375
0.9375
0.90625
0.8125
0.96875
0.828125
0.953125
0.828125
0.953125
0.734375
0.9375
0.921875
0.953125
0.84375
0.796875
0.90625
0.859375
0.96875
0.875
0.953125
0.921875
0.921875
0.828125
0.9375
0.65625
0.71875
0.84375
0.90625
0.8125
0.9375
0.84375
0.828125
0.96875
0.921875
0.953125
0.6875
0.796875
0.953125
0.859375
0.921875
0.90625
0.75
0.84375
0.984375
0.796875
0.828125
0.96875
0.734375
0.890625
0.6875
0.953125
0.765625
0.796875
0.9375
0.8125
0.875
0.921875
0.90625
0.96875
0.671875
0.953125
0.65625
0.96875
0.734375
0.96875
0.875
0.765625
0.875
0.921875
0.921875
0.75
0.828125
0.765625
0.984375
0.890625
0.828125
0.96875
0.921875
0.9375
0.71875
0.9375
0.796875
0.96875
0.8125
0.984375
0.84375
0.890625
0.875
0.921875
0.640625
0.6875
0.828125
0.9375
0.828125
0.96875
0.78125
0.96875
0.90625
0.984375
0.84375
0.96875
0.796875
0.8125
0.90625
0.703125
0.546875
0.875
0.9375
0.75
0.984375
0.78125
0.84375
0.84375
0.796875
0.796875
0.671875
0.671875
0.796875
0.921875
0.734375
0.703125
0.9375
0.796875
0.9375
0.78125
0.9375
0.921875
0.828125
0.75
0.96875
0.890625
0.90625
0.875
0.890625
0.96875
0.796875
0.9375
0.6875
0.65625
0.953125
0.75
0.734375
0.859375
0.9375
0.828125
0.75
0.8125
0.875
0.890625
0.875
0.921875
0.84375
0.84375
1.0
0.953125
0.984375
0.828125
0.953125
0.71875
0.8125
0.734375
0.828125
0.953125
0.859375
0.921875
0.78125
0.96875
0.8125
0.953125
0.828125
0.96875
0.96875
0.71875
0.78125
0.9375
0.875
0.96875
0.84375
0.890625
0.921875
0.953125
0.765625
0.96875
0.84375
0.984375
0.8125
0.953125
0.8125
0.84375
0.9375
0.703125
0.65625
0.890625
0.8125
0.765625
0.640625
0.640625
0.796875
0.96875
0.8125
0.96875
0.90625
0.9375
0.78125
0.9375
0.875
0.8125
0.921875
0.921875
0.84375
0.796875
0.96875
0.8125
0.90625
0.78125
0.765625
0.984375
0.828125
0.921875
0.78125
0.875
0.96875
0.90625
0.953125
0.84375
0.953125
0.84375
0.96875
0.828125
0.859375
0.671875
0.6875
0.90625
0.796875
0.734375
0.828125
0.8125
0.96875
0.8125
0.90625
0.859375
0.953125
0.84375
0.96875
0.8125
0.984375
0.921875
0.984375
0.765625
0.9375
0.65625
0.671875
0.953125
0.984375
0.8125
0.71875
0.828125
0.734375
0.890625
0.765625
0.796875
0.953125
0.890625
0.796875
0.96875
0.828125
0.8125
0.921875
0.859375
0.828125
0.953125
0.953125
0.953125
0.828125
0.921875
0.84375
0.96875
0.8125
0.9375
0.796875
0.875
0.84375
0.953125
0.640625
0.890625
0.8125
0.8125
0.96875
0.8125
0.9375
0.78125
0.9375
0.921875
0.9375
0.8125
0.9375
0.796875
0.8125
0.953125
0.875
0.921875
0.9375
0.90625
0.9375
0.953125
0.796875
0.828125
0.921875
0.859375
0.90625
0.75
0.734375
0.921875
0.859375
0.84375
0.984375
0.921875
0.984375
0.84375
0.921875
0.703125
0.75
0.875
0.8125
0.96875
0.859375
0.9375
0.78125
0.796875
0.84375
0.96875
0.78125
0.9375
0.828125
0.75
0.921875
0.84375
1.0
0.8125
0.9375
0.828125
0.890625
0.84375
0.75
0.9375
0.796875
0.9375
0.96875
0.953125
0.84375
0.875
0.953125
0.84375
1.0
0.921875
0.96875
0.890625
0.953125
0.6875
0.796875
0.828125
0.828125
0.96875
0.921875
0.9375
0.6875
0.75
0.96875
0.78125
0.875
0.9375
0.859375
0.84375
0.96875
0.84375
0.90625
0.734375
0.71875
0.6875
0.9375
0.8125
0.9375
0.78125
0.90625
0.96875
0.875
0.96875
0.796875
0.96875
0.96875
0.921875
0.8125
0.78125
0.953125
0.859375
0.78125
0.84375
0.921875
0.828125
0.953125
0.90625
0.96875
0.78125
0.796875
0.671875
0.96875
0.859375
0.921875
0.8125
0.8125
0.921875
0.953125
0.765625
0.78125
0.828125
0.8125
0.96875
0.84375
0.984375
0.9375
0.96875
0.765625
0.921875
0.84375
0.96875
0.890625
0.875
0.953125
0.890625
0.84375
0.96875
0.734375
0.9375
0.765625
0.984375
0.90625
0.921875
0.828125
0.984375
0.765625
0.765625
0.765625
0.96875
0.890625
0.859375
0.96875
0.75
0.921875
0.875
0.953125
1.0
0.828125
0.953125
0.828125
0.875
0.875
0.84375
0.921875
0.796875
0.953125
0.96875
0.953125
0.828125
0.921875
0.953125
0.796875
0.671875
0.765625
0.984375
0.84375
0.875
0.96875
0.921875
0.96875
0.765625
0.890625
0.796875
0.96875
0.84375
0.90625
0.890625
0.96875
0.859375
0.921875
0.78125
0.96875
0.828125
0.765625
0.75
0.984375
0.890625
0.9375
0.75
0.78125
0.75
0.84375
0.90625
0.828125
0.921875
0.78125
0.921875
0.8125
1.0
0.90625
0.890625
0.984375
0.921875
0.953125
0.84375
0.8125
0.78125
0.9375
0.765625
0.90625
0.78125
0.90625
0.78125
0.984375
0.921875
0.921875
0.859375
0.78125
0.75
0.921875
0.875
0.84375
0.96875
0.765625
0.9375
0.90625
0.96875
0.828125
0.9375
0.875
0.875
0.78125
0.921875
0.78125
0.90625
0.96875
0.65625
0.796875
0.65625
0.96875
0.84375
0.859375
0.984375
0.84375
0.875
0.828125
0.9375
0.921875
0.984375
0.609375
0.75
0.90625
0.8125
0.96875
0.734375
0.921875
0.796875
0.9375
0.90625
0.96875
0.828125
0.953125
0.90625
0.921875
0.8125
0.890625
0.953125
0.875
0.96875
0.796875
0.953125
0.828125
0.953125
0.8125
0.875
0.859375
0.828125
0.921875
0.78125
0.984375
0.875
0.96875
0.8125
0.921875
0.734375
0.734375
0.6875
0.703125
0.78125
0.84375
0.9375
0.859375
0.90625
0.953125
0.9375
0.828125
0.96875
0.828125
0.859375
0.875
0.8125
0.9375
0.8125
0.796875
0.90625
0.796875
0.875
0.6875
0.734375
0.78125
0.78125
0.734375
0.75
0.90625
0.8125
0.953125
0.828125
0.96875
0.953125
0.96875
0.796875
0.9375
0.78125
0.96875
0.6875
0.71875
0.953125
0.8125
0.828125
0.96875
0.9375
0.9375
0.890625
0.765625
0.953125
0.890625
0.953125
0.78125
0.921875
0.890625
0.9375
0.828125
0.828125
0.953125
0.765625
0.859375
0.890625
0.90625
1.0
0.953125
0.859375
0.875
0.96875
0.765625
0.90625
0.671875
0.765625
0.765625
0.96875
0.828125
0.984375
0.921875
0.96875
0.8125
0.953125
0.8125
0.90625
0.6875
0.796875
0.796875
0.859375
0.953125
0.828125
0.78125
0.96875
0.8125
0.953125
0.859375
0.890625
0.78125
0.96875
0.828125
0.8125
0.796875
0.921875
0.8125
